0 30 3613 28 3360
1 0 0 0 0
2 22 2883 21 9794
3 22 3541 20 6588
4 76 9197 72 29628
5 97 13104 97 84398
6 16 1973 16 41264
7 118 4720 126 720763
8 0 0 0 0
9 0 0 0 0
10 8 368 8 320
11 0 0 0 0
12 1 40 1 40
13 1 40 1 40
14 1 40 1 40
15 3 120 3 120
16 0 0 0 0
17 1 40 1 40
18 0 0 0 0
19 0 0 0 0
20 32 3939 33 29034
21 5 594 6 789
22 1 40 1 40
23 1 40 1 40
24 1 40 1 40
25 3 120 3 120
26 0 0 0 0
27 7 1889 6 413
28 20 14886 22 14932
29 47 16014 48 33380
30 45 15213 46 83180
31 60 14755 56 343395
32 198 23003 228 490720
33 4 200 2 88
34 19 14785 25 1227
35 22 1405 23 52701
36 54 2516 56 140443
37 95 14408 97 103375
38 28 10853 32 12788
39 6 5029 8 3562
40 60 21425 70 42653
41 2 80 2 80
42 0 0 0 0
43 5 346 5 8440
44 24 1557 24 62629
45 31 11858 35 16654
46 2 80 2 80
47 7 4626 9 4198
48 44 23992 54 78789
49 29 12116 34 39515
50 35 21611 42 36156
51 62 20715 69 47544
52 33 18470 40 54303
53 80 36075 93 87017
54 46 41314 63 39633
55 372 48566 420 1836114
56 33 35679 49 19465
57 68 17913 75 50189
58 148 20149 176 362368
59 44 13116 48 31976
60 33 6360 34 3752
61 71 25013 77 42683
62 88 42153 99 44452
63 128 34735 134 73293
64 19 14865 27 15883
65 19 11738 23 10290
66 20 11433 24 2720
67 18 8761 21 3203
68 8 383 9 384
69 1 40 1 40
70 4 160 5 200
71 16 9750 20 1828
72 5 200 5 599
73 15 5999 17 1648
74 0 0 0 0
75 5 200 5 200
76 7 3489 8 726
77 1 40 1 40
78 7 2955 8 1233
79 13 16087 20 3208
80 16 8910 19 2268
81 11 5873 13 1916
82 10 5818 12 1357
83 3 120 3 120
84 11 3592 12 9982
85 74 6059 76 322419
86 3 120 3 168
87 9 2781 10 810
88 13 4943 15 5707
89 1 40 1 40
90 3 120 3 120
91 1 40 1 40
92 1 40 1 40
93 8 3309 10 980
94 4 160 4 160
95 2 80 2 80
96 4 160 4 160
97 4 206 4 206
98 3 120 3 120
99 16 6020 17 7826
100 3 120 3 120
101 11 2724 12 1619
102 1 40 1 40
103 3 120 3 120
104 7 357 9 391
105 2 80 2 80
106 4 160 4 208
107 3 120 3 120
108 2 80 2 80
109 4 160 4 160
110 3 166 3 166
111 6 279 6 279
112 32 11686 39 8465
113 41 3927 48 318864
114 5 200 5 200
115 21 10707 25 6606
116 9 406 9 1141
117 7 6478 10 1311
118 15 10256 19 6233
119 17 3742 18 1502
120 16 12927 22 7241
121 48 15170 50 39075
122 50 7396 52 24043
123 92 13736 102 110238
124 60 9188 68 321086
125 19 11668 22 2810
126 6 1955 7 1157
127 1 40 1 40
128 2 123 2 80
129 3 120 3 120
130 1 40 1 40
131 4 160 4 160
132 53 4910 53 4910
133 1 40 1 91
134 3 120 3 120
135 4 160 4 160
136 2 80 2 80
137 3 120 3 120
138 1 40 1 40
139 2 80 2 80
140 2 80 2 80
141 3 120 3 120
142 2 80 2 80
143 29 3808 27 6871
144 9 415 9 999
145 76 3983 97 207040
146 128 13417 126 136150
147 3 120 3 120
148 58 7488 57 36567
149 36 4202 32 11900
150 242 15301 246 545512
151 41 3527 55 67291
152 22 2276 23 17785
153 111 11865 143 93805
154 428 21654 533 2471609
155 22 2672 24 17724
156 26 1628 38 47257
157 20 2193 22 11763
158 17 719 24 90813
159 3 120 3 120
160 3 120 3 120
161 0 0 0 0
162 3 120 3 120
163 0 0 0 0
164 3 120 4 211
165 95 8993 117 240308
166 76 12537 85 32070
167 29 3573 35 75274
168 59 5615 79 100659
169 90 12726 105 89517
170 23 1919 29 18338
171 55 4676 82 248318
172 43 13721 55 43134
173 47 3303 73 134214
174 48 8499 58 26691
175 169 224130 347 313758
176 32 4550 43 32308
177 5 246 5 246
178 9 497 9 360
179 0 0 0 0
180 18 1702 20 1754
181 5 292 5 292
182 0 0 0 0
183 1 40 1 40
184 1 40 1 91
185 10 2752 12 1619
186 18 3158 22 40236
187 2 80 3 120
188 1 40 1 40
189 0 0 0 0
190 2 80 2 80
191 1 40 1 40
192 0 0 1 40
193 1 40 1 40
194 1 40 1 91
195 0 0 0 0
196 2 80 2 131
197 5 200 5 200
198 1 40 1 40
199 0 0 0 0
200 1 40 1 40
201 2 80 2 80
202 29 18060 39 4931
203 1 40 1 40
204 1 40 1 91
205 0 0 0 0
206 3 120 4 208
207 14 2384 14 727
208 3 159 5 920
209 2 126 2 126
210 11 1657 10 4512
211 80 8815 74 41017
212 119 14875 136 176249
213 58 7639 64 35829
214 14 2577 15 6155
215 2 780 2 131
216 52 7904 50 33937
217 56 8211 64 48360
218 50 2070 55 104561
219 0 0 0 0
220 0 0 0 0
221 4 191 5 200
222 1 40 1 40
223 0 0 0 0
224 3 120 3 120
225 30 28776 40 28934
226 9 2387 11 2933
227 92 8597 98 216199
228 93 10481 91 262892
229 15 2111 15 28761
230 2 119 2 119
231 2 80 2 80
232 9 453 10 400
233 16 12713 22 1136
234 13 699 17 2314
235 3 159 3 210
236 0 0 0 0
237 8 351 8 320
238 2 80 2 80
239 3 166 3 166
240 4 252 5 292
241 5 231 5 200
242 4 191 4 160
243 1 40 1 71
244 2 80 2 80
245 3 159 3 210
246 1 40 1 88
247 2 80 2 80
248 22 33975 38 1776
249 4 238 8 1763
250 0 0 1 40
251 2 80 2 132
252 2 80 2 80
253 0 0 0 0
254 1 40 1 40
255 2 80 2 131
256 0 0 0 0
257 2 80 2 80
258 3 120 3 120
259 1 40 1 40
260 0 0 0 0
261 4 199 4 199
262 2 80 2 80
263 1 40 1 40
264 0 0 0 0
265 8 351 8 402
266 7 1566 6 433
267 87 7971 82 203197
268 14 1081 15 1202
269 0 0 0 0
270 4 238 4 238
271 2 119 2 119
272 4 238 4 238
273 19 946 19 760
274 4 478 4 1977
275 18 2484 17 1310
276 71 8682 67 244346
277 15 2652 15 20619
278 36 6802 40 56930
279 28 2612 27 4053
280 6 1139 8 8888
281 0 0 0 0
282 0 0 0 0
283 15 864 17 882
284 6 482 9 1666
285 2 80 2 80
286 8 437 8 536
287 0 0 0 0
288 4 199 4 199
289 3 120 3 120
290 0 0 0 0
291 0 0 0 0
292 2 119 2 119
293 12 673 13 605
294 0 0 0 0
295 2 80 2 80
296 1 40 1 91
297 0 0 0 0
298 2 80 2 80
299 3 120 3 120
300 3 285 4 2210
301 8 499 7 408
302 127 8319 176 323381
303 415 27340 459 1485980
304 203 12783 266 1442167
305 132 7383 171 683662
306 140 7203 178 985261
307 122 7988 165 402679
308 104 8637 114 343645
309 799 54914 983 3629751
310 86 6982 96 85262
311 20 2027 23 30001
312 9 850 10 11449
313 0 0 0 0
314 14 1687 17 16449
315 3 159 5 1462
316 11 726 11 7779
317 50 14883 56 42914
318 20 1560 25 14554
319 122 145947 204 57570
320 25 3490 29 49534
321 132 6332 137 762160
322 0 0 0 0
323 0 0 0 0
324 29 1607 29 87172
325 0 0 0 0
326 16 3201 15 2265
327 48 2625 68 228083
328 18 2319 20 1495
329 24 1934 28 53264
330 46 2822 71 281037
331 3 151 4 160
332 107 6568 185 675539
333 22 1655 22 13577
334 0 0 0 0
335 130 10527 155 931909
336 13 812 14 31427
337 94 19351 124 82657
338 55 99788 119 40117
339 94 9764 108 264838
340 24 3395 23 9361
341 28 5269 34 5867
342 5 285 7 1126
343 0 0 0 0
344 0 0 0 0
345 2 119 2 119
346 10 526 10 500
347 16 4195 19 2798
348 0 0 0 0
349 14 4055 15 19103
350 0 0 0 0
351 8 1117 9 1564
352 2 80 3 120
353 3 2586 4 630
354 3 426 5 6772
355 0 0 0 0
356 0 0 0 0
357 1 40 1 91
358 0 0 0 0
359 0 0 0 0
360 3 286 4 8512
361 2 119 2 119
362 2 80 2 80
363 1 40 1 71
364 4 326 5 13181
365 0 0 0 0
366 4 310 5 462
367 7 397 7 448
368 0 0 0 0
369 0 0 0 0
370 1 40 1 91
371 3 159 3 242
372 2 523 2 80
373 2 80 3 526
374 17 14612 26 2634
375 3 491 4 1398
376 0 0 0 0
377 7 397 7 448
378 2 119 2 119
379 0 0 0 0
380 0 0 0 0
381 0 0 0 0
382 5 263 5 200
383 1 40 1 40
384 0 0 0 0
385 2 119 2 119
386 17 2610 16 7011
387 7 768 8 2589
388 0 0 0 0
389 3 286 4 3310
390 2 119 2 119
391 0 0 0 0
392 0 0 0 0
393 2 80 2 80
394 3 553 4 281
395 23 13066 31 3224
396 10 595 10 595
397 8 476 8 476
398 24 37583 43 2906
399 10 541 10 1024
400 0 0 0 0
401 0 0 0 0
402 0 0 0 0
403 2 80 2 80
404 0 0 0 0
405 2 152 2 80
406 1 40 1 88
407 2 152 2 80
408 1 40 1 91
409 0 0 0 0
410 42 26183 57 4421
411 52 4680 55 6503
412 0 0 0 0
413 12 1177 12 964
414 13 1059 10 720
415 249 27200 254 384954
416 33 12751 42 11302
417 6 428 6 428
418 22 2565 22 5105
419 1 79 1 40
420 8 1173 9 804
421 27 5808 31 12830
422 88 8986 101 131340
423 50 6293 64 36998
424 16 2507 21 13800
425 33 5026 39 32799
426 46 10577 61 46206
427 33 15994 49 57663
428 79 10226 81 50023
429 105 11271 146 81533
430 73 32051 84 167661
431 114 9086 149 873722
432 28 3765 29 11862
433 1 40 1 40
434 0 0 0 0
435 7 663 8 834
436 70 12323 89 37488
437 37 9517 39 3551
438 39 4730 48 25597
439 204 49103 240 211045
440 35 1556 50 154635
441 10 4870 11 1373
442 12 27172 27 2097
443 0 0 0 0
444 0 0 0 0
445 2 126 2 126
446 13 1331 14 1475
447 0 0 0 0
448 1 40 1 91
449 15 1956 22 51966
450 70 8073 90 45721
451 109 13864 139 88506
452 197 70735 253 236749
453 203 8510 297 1114149
454 13 5870 18 15211
455 2 119 2 119
456 6 279 6 279
457 0 0 0 0
458 0 0 0 0
459 2 80 2 215
460 0 0 0 0
461 0 0 0 0
462 0 0 0 0
463 0 0 0 0
464 0 0 0 0
465 0 0 0 0
466 5 200 5 248
467 11 2294 13 1299
468 0 0 0 0
469 1 40 1 91
470 0 0 0 0
471 8 4076 11 2537
472 46 5624 50 73168
473 41 3914 46 81493
474 11 4655 13 4996
475 19 1555 22 15338
476 8 444 8 444
477 49 5254 56 119424
478 9 1881 10 745
479 22 1186 26 2817
480 51 11262 65 28134
481 71 63321 106 73654
482 11 2369 17 5697
483 8 1031 9 1721
484 12 1591 13 2565
485 29 3469 31 20915
486 55 6615 67 22065
487 11 1181 15 3516
488 46 7270 55 81912
489 20 1339 21 1427
490 4 223 4 160
491 0 0 0 0
492 30 15680 41 5171
493 30 5251 36 15910
494 20 3827 24 4085
495 63 200794 174 10787
496 2 119 2 679
497 4 160 4 160
498 236 20414 255 1126650
499 357 17754 460 4536630
500 9 1071 9 17182
501 0 0 0 0
502 0 0 0 0
503 2 126 2 126
504 0 0 0 0
505 0 0 0 0
506 1 40 1 88
507 23 16588 32 2951
508 7 1977 7 408
509 4 199 6 1383
510 23 19013 35 4093
511 3 159 3 441
512 19 5819 20 2187
513 4 467 8 2229
514 10 1386 12 17205
515 17 17445 27 2254
516 11 1685 15 2310
517 5 200 6 666
518 1 150 1 40
519 29 19891 41 5025
520 3 120 3 681
521 0 0 0 0
522 0 0 0 0
523 0 0 0 0
524 0 0 0 0
525 0 0 0 0
526 1 40 1 88
527 4 160 4 160
528 0 0 0 0
529 0 0 0 0
530 9 399 9 450
531 2 80 2 80
532 0 0 0 0
533 2 119 2 119
534 0 0 0 0
535 0 0 0 0
536 0 0 0 0
537 4 238 4 238
538 0 0 0 0
539 2 2716 3 120
540 6 318 8 1323
541 0 0 0 0
542 7 1843 7 408
543 4 238 5 1063
544 6 357 6 357
545 0 0 0 0
546 1 40 1 88
547 2 119 2 119
548 5 769 6 791
549 0 0 0 0
550 1 40 1 91
551 0 0 0 0
552 2 119 2 119
553 2 119 2 119
554 21 4239 27 13334
555 24 55268 55 3760
556 0 0 0 0
557 2 119 2 119
558 13 4492 15 1723
559 0 0 0 0
560 12 1416 10 937
561 1 40 4 276
562 7 557 8 668
563 0 0 0 0
564 0 0 0 0
565 0 0 0 0
566 2 116 2 128
567 19 13704 29 2879
568 4 304 4 160
569 2 119 2 119
570 1 40 1 91
571 2 119 2 119
572 2 119 2 119
573 22 12600 30 3073
574 0 0 0 0
575 1 40 1 92
576 0 0 0 0
577 0 0 0 0
578 4 698 4 698
579 11 11954 17 6773
580 1 40 1 91
581 1 40 1 125
582 0 0 0 0
583 0 0 0 0
584 4 3064 5 829
585 23 5057 23 15029
586 2 80 1 88
587 4 223 4 160
588 0 0 0 0
589 2 119 2 119
590 0 0 0 0
591 9 486 9 411
592 0 0 0 0
593 0 0 0 0
594 0 0 0 0
595 1 40 1 40
596 9 486 9 360
597 0 0 0 0
598 0 0 0 0
599 2 119 2 119
600 0 0 0 0
601 2 80 2 216
602 14 1935 14 7202
603 78 4270 105 247317
604 3 695 5 1124
605 0 0 0 0
606 28 2681 28 7996
607 76 4376 101 532073
608 16 1815 15 5972
609 0 0 0 0
610 0 0 0 0
611 71 6369 85 112061
612 37 5060 35 16709
613 15 1053 18 22324
614 42 5587 50 17856
615 34 14511 44 11340
616 6 318 8 951
617 2 119 2 119
618 5 510 5 344
619 96 4328 126 523012
620 58 3987 72 116005
621 57 6354 69 28547
622 38 10759 47 10847
623 31 13877 43 17174
624 7 1289 8 1243
625 0 0 0 0
626 3 120 3 168
627 8 656 10 1224
628 0 0 0 0
629 0 0 0 0
630 2 119 2 119
631 3 159 3 210
632 3 159 3 211
633 0 0 0 0
634 0 0 0 0
635 0 0 0 0
636 17 2514 16 3350
637 8 7086 11 6377
638 11 6303 13 2820
639 12 8047 15 7978
640 6 547 7 11159
641 5 1944 6 851
642 0 0 0 0
643 4 223 4 160
644 4 4009 6 883
645 0 0 0 0
646 61 7017 68 248182
647 15 1010 16 80475
648 0 0 0 0
649 14 5818 16 4305
650 0 0 0 0
651 0 0 0 0
652 13 2784 14 1859
653 53 13369 63 83387
654 0 0 0 0
655 0 0 0 0
656 33 37523 44 9214
657 5 819 5 200
658 1 40 1 449
659 4 223 4 160
660 0 0 0 0
661 0 0 0 0
662 4 199 4 335
663 0 0 0 0
664 4 223 4 160
665 6 342 6 279
666 7 2280 8 1151
667 1 40 1 40
668 2 4798 4 160
669 5 200 5 4308
670 5 306 5 200
671 4 223 4 160
672 3 159 3 210
673 5 316 7 350
674 45 4057 45 4014
675 0 0 0 0
676 9 637 9 710
677 1 40 1 40
678 0 0 0 0
679 5 278 5 278
680 4 245 4 245
681 3 202 3 159
682 17 1655 18 1412
683 7 425 7 319
684 4 223 4 160
685 5 263 5 252
686 4 199 4 247
687 2 123 2 80
688 18 8931 22 1851
689 8 2548 10 3594
690 40 3864 43 8464
691 79 5677 80 180616
692 5 239 5 8702
693 45 5721 43 10188
694 78 6971 99 268247
695 5 1197 6 373
696 57 3082 72 246381
697 65 8285 86 323965
698 131 13523 153 208870
699 31 3742 35 98754
700 93 8748 115 328382
701 29 7187 40 55135
702 33 3874 40 48671
703 31 3743 40 80896
704 152 15742 190 220678
705 82 8943 110 145708
706 97 10013 128 185296
707 1 40 1 40
708 36 9467 41 4851
709 8 634 9 4546
710 39 5234 42 57307
711 1 1533 2 80
712 38 4101 42 72258
713 26 28180 46 28049
714 10 1435 11 2455
715 37 6134 35 14391
716 20 2209 23 29946
717 1 40 1 40
718 0 0 0 0
719 4 199 4 282
720 5 1383 5 239
721 1 40 2 489
722 1 40 1 125
723 4 199 4 281
724 10 972 13 13839
725 5 263 5 200
726 2 80 2 128
727 9 2573 10 1276
728 0 0 0 0
729 0 0 0 0
730 1 40 1 40
731 1 40 1 40
732 0 0 0 0
733 1 40 1 91
734 0 0 0 0
735 0 0 0 0
736 4 480 4 330
737 6 387 6 318
738 3 166 3 677
739 0 0 0 0
740 2 119 2 119
741 6 318 6 318
742 8 783 8 667
743 14 1406 15 45665
744 2 119 2 119
745 0 0 0 0
746 3 120 3 168
747 5 312 5 321
748 4 361 4 361
749 2 119 2 119
750 0 0 0 0
751 10 677 10 752
752 16 1459 18 5420
753 3 159 3 210
754 0 0 0 0
755 0 0 0 0
756 4 199 4 199
757 11 1678 12 1224
758 45 5651 55 321204
759 6 6260 9 438
760 8 2790 9 5206
761 13 2005 14 2527
762 0 0 0 0
763 2 80 2 216
764 0 0 0 0
765 0 0 0 0
766 2 80 2 128
767 1 40 1 40
768 1 40 1 40
769 25 4461 26 2707
770 11 1562 12 1325
771 2 119 2 119
772 21 3155 21 5624
773 0 0 0 0
774 13 746 13 734
775 0 0 0 0
776 19 4253 24 4079
777 7 891 7 280
778 2 80 2 557
779 0 0 0 0
780 0 0 0 0
781 19 2740 19 6852
782 6 605 6 1514
783 0 0 0 0
784 2 80 2 216
785 1 83 1 40
786 1 40 1 88
787 10 3480 12 6183
788 0 0 0 0
789 22 4745 22 14748
790 9 486 9 411
791 58 5000 62 6023
792 23 7358 33 6258
793 51 3538 52 132762
794 27 3232 29 5871
795 9 787 10 534
796 27 2703 29 103886
797 78 8247 111 333036
798 46 6175 52 28340
799 42 2739 50 66822
800 19 2291 21 5367
801 6 554 9 1436
802 45 4166 59 69025
803 3 480 4 298
804 21 3730 23 2489
805 12 1478 15 1146
806 21 2102 25 27126
807 97 9968 123 125582
808 58 6647 73 98892
809 156 12093 229 321411
810 2 80 2 80
811 0 0 0 0
812 0 0 0 0
813 3 529 4 300
814 1 40 1 91
815 4 368 5 1244
816 3 664 4 972
817 14 2653 17 19436
818 5 278 5 278
819 5 1015 7 1555
820 21 2267 33 74397
821 25 1931 35 121332
822 39 2974 57 213113
823 42 4799 50 303638
824 31 3325 59 75014
825 17 4615 23 3887
826 58 5970 88 202113
827 26 1040 30 137853
828 68 4764 95 509584
829 60 10185 84 107182
830 8 2049 10 1022
831 47 6296 76 106146
832 76 8475 122 158615
833 34 3351 52 133249
834 21 1468 23 164032
835 15 1107 27 98773
836 27 2401 31 298656
837 27 7814 30 72248
838 22 1750 30 52346
839 6 1978 8 949
840 9 1321 10 1496
841 10 1111 12 975
842 44 9336 66 131213
843 25 2037 31 75863
844 84 8096 122 158296
845 129 9357 196 290106
846 59 4170 84 115138
847 0 0 0 0
848 8 899 14 70486
849 20 1529 28 105664
850 35 6125 52 264435
851 40 7993 43 44537
852 34 3155 41 60678
853 37 19875 71 58708
854 0 0 0 0
855 1 40 1 91
856 29 8445 32 11807
857 4 1615 5 1108
858 0 0 0 0
859 0 0 0 0
860 3 159 3 211
861 4 199 4 199
862 9 755 9 23973
863 2 119 2 119
864 16 1670 17 1360
865 1 40 1 91
866 1 40 1 88
867 4 723 4 3490
868 21 1043 22 51932
869 1 40 1 40
870 10 1458 9 5935
871 29 1858 31 52467
872 12 1266 13 6418
873 0 0 0 0
874 0 0 0 0
875 3 159 3 210
876 0 0 0 0
877 0 0 0 0
878 0 0 0 0
879 0 0 0 0
880 0 0 0 0
881 2 80 2 80
882 7 7068 10 1035
883 1 40 1 3921
884 1 40 1 125
885 10 5200 9 1487
886 31 52846 62 8070
887 26 3911 25 53198
888 4 237 7 721
889 2 120 0 0
890 10 3708 13 28440
891 7 1275 7 1579
892 8 2284 10 1481
893 1 60 0 0
894 17 8733 22 3664
895 0 0 0 0
896 13 11021 17 2689
897 22 29576 33 8690
898 11 8719 14 3899
899 0 0 0 0
900 2 119 2 119
901 11 5744 13 2580
902 2 80 2 80
903 5 3994 7 361
904 1 40 1 572
905 1 40 1 125
906 3 155 4 290
907 39 14145 42 19093
908 9 2360 10 5532
909 5 239 5 4923
910 0 0 0 0
911 9 6328 12 1886
912 3 120 3 172
913 14 3695 15 2157
914 16 1709 17 1582
915 50 18192 59 5882
916 13 1079 14 2245
917 7 1212 7 408
918 4 199 5 1100
919 2 119 2 119
920 0 0 0 0
921 0 0 0 0
922 4 238 4 238
923 4 199 4 199
924 0 0 0 0
925 0 0 0 0
926 1 40 1 40
927 2 407 2 80
928 2 80 2 80
929 0 0 0 0
930 2 119 2 119
931 0 0 0 0
932 0 0 0 0
933 11 1285 13 4971
934 2 119 2 119
935 0 0 0 0
936 0 0 0 0
937 0 0 0 0
938 1 40 1 40
939 3 776 4 282
940 1 40 1 449
941 0 0 0 0
942 8 682 8 6055
943 2 80 2 80
944 0 0 0 0
945 0 0 0 0
946 0 0 0 0
947 0 0 0 0
948 1 40 1 40
949 1 40 1 40
950 0 0 0 0
951 0 0 0 0
952 0 0 0 0
953 3 197 5 231
954 2 80 2 80
955 0 0 0 0
956 0 0 0 0
957 0 0 0 0
958 3 159 3 159
959 1 40 1 40
960 0 0 0 0
961 0 0 0 0
962 0 0 0 0
963 6 342 6 279
964 3 120 3 172
965 3 183 3 120
966 4 245 4 245
967 0 0 0 0
968 3 183 3 120
969 2 80 2 80
970 4 245 4 245
971 0 0 0 0
972 0 0 0 0
973 4 223 4 160
